ring_id,vertex_id,x,y
0,0,166.33601983881,-64.4885306881587
0,1,800,0
0,2,1035.89743589744,-94.3589743589744
0,3,1461.63917501584,191.367699852178
0,4,1334.33532317801,676.342590166905
0,5,945.597084021223,802.681375545233
0,6,211.165557582113,845.431424780213
0,7,-188.120950323974,430.453563714903
0,8,-87.3015873015873,52.3809523809524
1,0,100,200
1,1,127.696437286481,548.975109809663
1,2,373.076923076923,488.461538461538
1,3,300,200
2,0,492.857142857143,150
2,1,566.666666666667,500
2,2,800,436.363636363636
2,3,750,150
3,0,989.655172413793,255.172413793103
3,1,1173.42342342342,653.153153153153
3,2,1262.5,475
3,3,1100,200
Total signed area in input: 9.845000e+05
Total signed area in output: 9.845000e+05
Total areal displacement: 1.400207e+05
