ring_id,vertex_id,x,y
0,0,400,0
0,1,628.571428571429,-34.2857142857143
0,2,1000,50
0,3,1250,-12.5
0,4,1193.96248872068,729.997024450963
0,5,385.398512221042,1014.86716259299
0,6,50,678.571428571429
0,7,-50,300
0,8,37.5826251180359,-52.8328611898017
1,0,200,430
1,1,450,400
1,2,428.571428571429,214.285714285714
1,3,200,143.75
2,0,707.142857142857,292.857142857143
2,1,965.423694371063,669.569193253403
2,2,1058.48297087418,427.97729449891
2,3,820.296788060602,179.703211939398
Total signed area in input: 9.210000e+05
Total signed area in output: 9.210000e+05
Total areal displacement: 9.125725e+04
