ring_id,vertex_id,x,y
0,0,-379.34136240382,65.9024678846227
0,1,-397.481818799701,-189.719295860804
0,2,-240,-290
0,3,-164.544751305078,-201.755726102548
0,4,202.105165899316,-375.401623472591
0,5,399.115875315295,203.703335417771
0,6,198.403611786665,372.756584579152
0,7,258.737170570322,138.73453889244
0,8,150,-20
0,9,5.20870286425015,142.6127898019
0,10,224.170187085094,256.261315630658
0,11,10,360
0,12,-190,120
1,0,-152.23642172524,33.8658146964856
1,1,-145.168338563111,-124.158181619561
1,2,-170.392156862745,-151.764705882353
1,3,-326.194563662375,-58.2832618025751
2,0,110,-260
2,1,38.3870967741936,-164.516129032258
2,2,287.943262411347,64.113475177305
2,3,294.117647058823,51.7647058823529
Total signed area in input: 2.840000e+05
Total signed area in output: 2.840000e+05
Total areal displacement: 1.639254e+05
